city_dist_mat = np.array([
    [0, 49, 25, 19, 63, 74, 26, 39],
    [49, 0, 26, 48, 65, 36, 42, 55],
    [25, 26, 0, 26, 21, 24, 78, 49],
    [19, 48, 26, 0, 45, 44, 57, 62],
    [63, 65, 21, 45, 0, 47, 48, 54],
    [74, 36, 24, 44, 47, 0, 47, 65],
    [26, 42, 78, 57, 48, 47, 0, 47],
    [39, 55, 49, 62, 54, 65, 47, 0]
])
